Top In
line; 0,0; 105,0; 105,6; 110,6; 110,12; 105,12; 105,18; 110,18; 110,24; 105,24; 105,30; 0,30; 0,24; 5,24; 5,18; 0,18; 0,12; 5,12; 5,6; 0,6; 0,0; close; circle; 55,15.0; 4;
Top Out
line; 0,0; 155,0; 155,6; 160,6; 160,12; 155,12; 155,18; 160,18; 160,24; 155,24; 155,30; 0,30; 0,24; 5,24; 5,18; 0,18; 0,12; 5,12; 5,6; 0,6; 0,0; close
sides-In
A
line; 0,0; 30,0; 30,48; 24,48; 24,43; 18,43; 18,48; 12,48; 12,43; 6,43; 6,48; 0,48;close;; circle; 15,20; 1;
B
line; 0,0; 30,0; 30,43; 24,43; 24,48; 18,48; 18,43; 12,43; 12,48; 6,48; 6,43; 0,43;close;; circle; 15,20; 1;
sides-Out
A
line; 0,0; 30,0; 30,85; 24,85; 24,80; 18,80; 18,85; 12,85; 12,80; 6,80; 6,85; 0,85;close;line; 4.0,16;26.0,16;26.0,58;4.0,58;close
B
line; 0,0; 30,0; 30,80; 24,80; 24,85; 18,85; 18,80; 12,80; 12,85; 6,85; 6,80; 0,80;close;line; 4.0,16;26.0,16;26.0,58;4.0,58;close
sides-Out
A
line; 0,0; 30,0; 30,61; 24,61; 24,56; 18,56; 18,61; 12,61; 12,56; 6,56; 6,61; 0,61;close;line; 8.5,10;21.5,10;21.5,34;8.5,34;close
B
line; 0,0; 30,0; 30,56; 24,56; 24,61; 18,61; 18,56; 12,56; 12,61; 6,61; 6,56; 0,56;close;line; 8.5,10;21.5,10;21.5,34;8.5,34;close
